-0.512868 0.096382 -0.549251 -0.980472
-0.876359 0.516633 0.076057 0.269711
-0.404427 0.620831 1.474680 -1.408298
1.371408 0.584820 2.015981 -0.391569
0.163452 2.417399 -0.346377 0.834350
0.428328 -0.796622 -1.020189 0.158482
-0.183382 -2.164024 -0.506460 -0.914689
0.933664 -0.329441 1.225098 -0.526364
-0.657155 0.742166 -1.304216 -0.170607
1.724695 0.521875 0.056104 0.140576
1.627209 -1.376519 -0.735259 -0.074099
-0.557799 -1.621910 -0.020108 -2.076506
-0.056632 -1.140036 1.427157 -1.132723
-0.721689 1.191373 -0.987945 0.468421
1.202393 -0.018662 -0.641318 0.768813
0.773364 -0.414407 -0.264378 0.755376
-0.714652 -0.197033 -1.295000 0.770258
-0.175020 -0.866705 -2.441201 0.048643
-1.969199 0.842188 1.326952 -0.582126
0.243491 0.904585 -0.023229 0.082308
-0.780612 0.775976 -1.077541 0.699777
1.551872 0.845557 -0.182533 -0.071428
0.128924 -0.931378 1.515723 1.188445
-0.503065 0.149040 -0.798039 -0.683536
-1.361457 0.586193 -1.017896 0.278969
-1.218647 -1.282258 -0.312100 0.011918
-0.135434 -1.015382 -2.402556 -1.275887
-1.173364 -0.079210 -1.169237 0.049269
-0.253937 0.697119 0.344746 0.279510
-1.864280 -1.553555 0.337220 1.276545
-0.591632 0.366979 0.371403 -0.005170
1.120396 -1.337223 2.288330 0.409609
-0.429255 0.734998 -0.978745 -2.181699
1.803561 -1.161858 -0.017858 -0.121800
0.645697 -1.212919 1.115826 1.378888
0.000972 0.150839 -0.976049 0.490396
0.886381 0.676102 0.862010 -1.023523
-0.027454 -0.179364 -0.534076 -0.409044
-0.661867 -1.708114 0.059950 -1.570060
1.606086 -1.198484 -2.720738 -0.376506
-0.222415 1.110188 0.917091 -1.272343
-0.193132 1.038627 -0.636878 0.438873
0.067766 -0.143689 -1.752536 -0.262922
-0.174886 1.809356 -0.727061 -0.264898
-0.964430 0.254997 0.296387 0.602730
-1.311761 0.318591 -0.077759 -0.967223
0.853037 0.221646 0.644866 -1.387001
-0.352082 0.853768 -1.818885 0.202970
0.783481 -1.090038 0.454506 -0.063306
-0.356274 0.085090 -0.940430 0.022160
2.930226 -1.499843 0.379707 2.525105
0.553994 0.464633 -0.012764 -0.943735
-1.000731 -1.503105 0.512059 -0.446649
1.013539 -0.247648 -0.947636 0.106793
1.082674 -1.338108 -0.040416 2.115452
1.549387 -0.098602 -0.204762 0.918712
1.947188 1.498062 0.817755 0.222228
-0.643502 2.157780 -1.735002 -2.088547
-0.415389 2.223156 2.421143 0.387107
-0.338261 0.334003 -1.214975 -0.162654
0.350111 1.498658 -1.423261 -1.133512
1.304732 0.851331 0.143053 0.091769
0.704786 -0.123388 0.080451 -1.533793
-0.134538 0.045661 0.086465 -0.155975
-0.593867 1.091185 0.930071 -0.390782
0.026459 -1.377323 -0.753396 0.774790
-1.198282 0.075784 -0.030213 -0.221341
0.687905 2.966717 -0.824761 -1.143782
1.387132 1.052769 0.210876 1.277128
1.225135 -0.273282 -1.216038 -1.528732
-0.602175 -1.256664 -1.854496 -0.734963
0.207788 -1.940165 0.783169 0.778270
1.436625 -0.824584 0.042300 -1.338217
-0.544218 -0.281500 -3.106723 0.609703
0.602347 -0.913176 1.082926 0.399479
-2.426762 -0.907080 -0.046775 -0.045796
-0.694596 1.023794 0.804686 0.801790
0.776257 -0.564522 0.992477 -0.484234
1.377014 -1.152963 0.376182 -1.532175
0.055902 1.427155 0.999836 0.096678
-0.671972 0.681239 1.207133 0.509608
-1.998513 -0.530642 -1.749816 0.158759
-0.253346 -0.951603 -0.768804 -0.842557
-0.536107 0.658329 -0.689664 0.223937
-1.243854 1.152647 0.770676 0.967743
1.265403 0.128371 -2.044729 0.310778
2.233649 -0.305945 -1.595491 -1.098606
0.991840 0.030962 1.310234 -0.405410
-0.503395 -0.363443 0.313645 1.947994
-0.777933 0.555032 0.869900 -0.067734
-0.871306 -0.930259 -0.014075 -0.709969
0.015537 -1.015489 0.958240 -0.027840
0.135819 0.470325 -0.661065 -1.051277
-0.493039 -0.447935 0.328282 0.912700
-0.845146 0.414823 -0.451454 1.607056
-1.822890 0.210934 -1.221214 -0.415075
0.938002 -0.543008 0.269964 0.831840
-0.504687 -0.457660 -0.283181 0.658498
0.298844 -0.370061 -1.400191 -0.458963
0.639088 -1.007087 0.245757 -2.058115
