1.121523
1.170841
1.085990
0.868655
1.016317
0.970933
1.066963
1.283850
1.215286
0.985067
1.170538
0.807203
0.828053
0.776975
1.208251
0.698142
1.438666
1.088873
1.110281
0.871235
1.074109
1.137078
0.804984
0.976745
0.897084
0.600130
0.894420
0.975296
1.084155
0.996063
1.195621
1.006774
1.010716
1.273077
1.113152
1.332680
1.163823
0.771237
1.097852
1.028203
1.126310
0.946137
1.288204
0.867687
0.869271
1.165804
0.769710
0.894374
0.786565
1.228275
1.167516
0.802571
0.926698
0.830494
1.091147
0.896509
1.214237
1.151337
0.784055
1.107518
0.989712
0.976354
0.904477
1.490324
1.160833
1.292197
1.046593
0.935795
1.086678
1.271751
0.619486
1.164760
0.923138
0.903188
0.481742
1.017685
0.767232
1.141655
1.402499
1.382513
0.684580
1.258255
1.221161
0.769487
0.947897
1.055279
1.036621
1.040441
1.128932
1.070809
1.003474
0.895247
0.853517
1.073764
1.130883
1.247401
1.100251
0.909503
0.989941
0.559236
