69.756986
69.448721
68.246013
73.036986
74.552154
72.834306
72.156476
70.984739
71.192356
68.809685
70.860984
67.143061
74.195502
72.297305
72.603712
69.884523
67.096197
69.847496
69.503905
66.119247
69.283735
73.663066
68.533522
68.211168
69.082377
69.135040
69.322401
71.756823
71.487969
69.777020
69.252692
68.065648
68.604696
67.819017
67.277598
70.969100
69.172591
70.493391
69.652481
74.678870
66.232436
67.343481
67.223603
71.407746
71.929419
70.511771
70.348643
71.297303
67.007279
68.471365
70.924581
68.244676
70.730677
68.332819
71.226210
70.513521
68.015387
68.270247
71.014934
70.252786
67.568657
73.093418
73.171941
67.737641
71.632586
66.775414
70.549625
68.925109
70.455956
68.233211
72.114819
67.606674
72.777708
72.882692
70.596763
69.598431
66.671959
69.266754
70.693953
71.491393
70.777644
68.573507
69.591779
73.546649
71.041232
69.608375
71.447919
68.824579
66.705952
70.610625
69.843461
75.942741
70.701116
67.757966
70.786313
74.595240
74.520259
70.937073
69.693523
72.970725
